FAC 1.1.1
Endian	= 0
TSess	= 1590999049
Type	= 2
Verbose	= 1
Ge Z	=  32.0
NBlocks	= 2

NELE	= 20
NTRANS	= 2
MULTIP	= -2
GAUGE	= 2
MODE	= 1
    1   23     0    5  1.738851E+00  5.780844E-11  3.160196E-04  1.442275E-01
    2   14     1   23  3.888056E-01  1.077086E-12  4.710135E-07  1.861968E-01

NELE	= 20
NTRANS	= 2
MULTIP	= 1
GAUGE	= 2
MODE	= 0
    1   23     0    5  1.385039E+00  3.248529E-06  1.126702E+01 -1.383721E-02
    2   14     1   23  6.010927E-01  2.349713E-06  2.455929E+00 -1.786375E-02
